101
102
103
104
105
108
109
10
110
112
113
114
115
116
117
118
119
11
121
122
123
125
126
127
128
129
12
130
131
139
13
140
141
142
143
144
145
146
147
148
149
14
151
152
153
154
155
156
157
158
159
161
162
163
164
165
167
168
16
170
171
172
174
175
176
177
178
179
181
182
183
184
185
187
188
189
18
190
191
192
193
194
195
196
197
198
199
19
1
200
201
202
203
204
205
206
207
208
209
20
210
211
212
213
214
215
216
217
218
219
21
220
221
222
223
224
225
227
228
229
22
230
231
232
233
234
235
236
237
239
23
241
242
243
245
246
247
248
249
250
251
252
253
254
255
258
259
25
260
261
263
264
266
267
268
269
26
270
271
272
273
274
276
278
279
27
280
282
285
286
287
288
28
292
294
296
297
298
299
29
2
300
301
306
307
308
30
310
312
313
315
316
318
319
31
320
321
322
323
324
325
326
327
328
329
32
330
331
333
334
335
339
33
340
341
343
344
345
346
347
348
349
34
350
351
353
354
355
356
358
359
35
360
361
362
363
364
365
366
36
371
372
374
375
377
379
37
381
383
385
386
388
38
390
391
392
393
394
395
396
399
39
3
400
402
403
404
405
406
407
408
409
40
410
411
412
413
414
416
418
419
41
420
421
422
423
424
426
427
428
429
42
430
431
432
433
434
435
436
437
439
43
440
441
442
443
445
447
44
450
451
453
455
457
45
462
463
464
466
467
468
469
46
470
471
472
473
474
475
476
477
47
480
481
482
483
484
485
487
488
489
48
490
492
494
495
498
499
49
4
500
501
502
503
504
506
507
509
50
510
511
512
515
516
517
518
519
51
520
521
523
524
525
526
527
529
531
532
533
534
535
537
538
53
540
544
545
547
548
549
54
551
552
553
554
555
556
557
558
55
560
561
562
563
565
566
56
570
571
572
573
575
578
57
580
582
584
585
586
587
588
589
58
590
591
592
594
598
599
59
5
601
602
603
604
605
606
607
608
60
610
613
614
615
618
619
61
620
621
622
623
625
626
627
628
629
62
630
633
634
635
637
639
63
640
641
642
643
644
645
646
647
648
649
64
650
651
652
653
654
655
657
658
659
65
660
661
662
663
664
665
666
667
669
66
670
673
674
675
676
677
679
67
680
681
682
683
684
685
686
688
689
68
691
692
694
695
696
698
69
6
700
701
702
704
705
706
708
709
70
710
712
713
714
715
716
717
718
719
71
72
73
74
75
76
77
78
79
7
80
81
82
83
84
85
86
87
89
8
90
91
92
93
94
96
97
98
99
9
